0 , 63.2281 , 60.4405 , 56.7575 , 
1 , 68.9622 , 69.1794 , 71.1117 , 
2 , 68.8645 , 68.6179 , 67.7744 , 
3 , 68.8557 , 68.5662 , 68.5082 , 
4 , 68.8547 , 68.5487 , 68.3157 , 
5 , 68.8551 , 68.5415 , 68.3328 , 
6 , 68.8558 , 68.5379 , 68.3259 , 
7 , 68.8566 , 68.5361 , 68.3235 , 
8 , 68.8572 , 68.535 , 68.3221 , 
9 , 68.8578 , 68.5344 , 68.3212 , 
10 , 68.8583 , 68.534 , 68.3206 , 
11 , 68.8588 , 68.5338 , 68.3202 , 
12 , 68.8592 , 68.5336 , 68.32 , 
13 , 68.8595 , 68.5336 , 68.3199 , 
14 , 68.8599 , 68.5336 , 68.3198 , 
15 , 68.8601 , 68.5336 , 68.3197 , 
16 , 68.8604 , 68.5336 , 68.3197 , 
17 , 68.8606 , 68.5336 , 68.3197 , 
18 , 68.8608 , 68.5336 , 68.3197 , 
19 , 68.861 , 68.5337 , 68.3197 , 
20 , 68.8612 , 68.5337 , 68.3197 , 
21 , 68.8613 , 68.5338 , 68.3197 , 
22 , 68.8615 , 68.5338 , 68.3198 , 
23 , 68.8616 , 68.5338 , 68.3198 , 
24 , 68.8617 , 68.5339 , 68.3198 , 
25 , 68.8618 , 68.5339 , 68.3199 , 
26 , 68.8619 , 68.534 , 68.3199 , 
27 , 68.862 , 68.534 , 68.3199 , 
28 , 68.8621 , 68.5341 , 68.32 , 
29 , 68.8622 , 68.5341 , 68.32 , 
30 , 68.8623 , 68.5341 , 68.32 , 
31 , 68.8624 , 68.5342 , 68.3201 , 
32 , 68.8625 , 68.5342 , 68.3201 , 
33 , 68.8625 , 68.5342 , 68.3201 , 
34 , 68.8626 , 68.5343 , 68.3202 , 
35 , 68.8626 , 68.5343 , 68.3202 , 
36 , 68.8627 , 68.5343 , 68.3202 , 
37 , 68.8628 , 68.5343 , 68.3202 , 
38 , 68.8628 , 68.5344 , 68.3203 , 
39 , 68.8629 , 68.5344 , 68.3203 , 
40 , 68.8629 , 68.5344 , 68.3203 , 
41 , 68.8629 , 68.5345 , 68.3203 , 
42 , 68.863 , 68.5345 , 68.3204 , 
43 , 68.863 , 68.5345 , 68.3204 , 
44 , 68.8631 , 68.5345 , 68.3204 , 
45 , 68.8631 , 68.5345 , 68.3204 , 
46 , 68.8631 , 68.5346 , 68.3204 , 
47 , 68.8632 , 68.5346 , 68.3205 , 
48 , 68.8632 , 68.5346 , 68.3205 , 
49 , 68.8632 , 68.5346 , 68.3205 , 
50 , 68.8633 , 68.5346 , 68.3205 , 
51 , 68.8633 , 68.5347 , 68.3205 , 
52 , 68.8633 , 68.5347 , 68.3205 , 
53 , 68.8634 , 68.5347 , 68.3206 , 
54 , 68.8634 , 68.5347 , 68.3206 , 
55 , 68.8634 , 68.5347 , 68.3206 , 
56 , 68.8634 , 68.5347 , 68.3206 , 
57 , 68.8635 , 68.5347 , 68.3206 , 
58 , 68.8635 , 68.5348 , 68.3206 , 
59 , 68.8635 , 68.5348 , 68.3207 , 
60 , 68.8635 , 68.5348 , 68.3207 , 
61 , 68.8635 , 68.5348 , 68.3207 , 
62 , 68.8636 , 68.5348 , 68.3207 , 
63 , 68.8636 , 68.5348 , 68.3207 , 
64 , 68.8636 , 68.5348 , 68.3207 , 
65 , 68.8636 , 68.5349 , 68.3207 , 
66 , 68.8636 , 68.5349 , 68.3207 , 
67 , 68.8637 , 68.5349 , 68.3207 , 
68 , 68.8637 , 68.5349 , 68.3208 , 
69 , 68.8637 , 68.5349 , 68.3208 , 
70 , 68.8637 , 68.5349 , 68.3208 , 
71 , 68.8637 , 68.5349 , 68.3208 , 
72 , 68.8637 , 68.5349 , 68.3208 , 
73 , 68.8637 , 68.5349 , 68.3208 , 
74 , 68.8638 , 68.5349 , 68.3208 , 
75 , 68.8638 , 68.535 , 68.3208 , 
76 , 68.8638 , 68.535 , 68.3208 , 
77 , 68.8638 , 68.535 , 68.3208 , 
78 , 68.8638 , 68.535 , 68.3209 , 
79 , 68.8638 , 68.535 , 68.3209 , 
80 , 68.8638 , 68.535 , 68.3209 , 
81 , 68.8639 , 68.535 , 68.3209 , 
82 , 68.8639 , 68.535 , 68.3209 , 
83 , 68.8639 , 68.535 , 68.3209 , 
84 , 68.8639 , 68.535 , 68.3209 , 
85 , 68.8639 , 68.535 , 68.3209 , 
86 , 68.8639 , 68.535 , 68.3209 , 
87 , 68.8639 , 68.535 , 68.3209 , 
88 , 68.8639 , 68.5351 , 68.3209 , 
89 , 68.8639 , 68.5351 , 68.3209 , 
90 , 68.8639 , 68.5351 , 68.3209 , 
91 , 68.864 , 68.5351 , 68.3209 , 
92 , 68.864 , 68.5351 , 68.321 , 
93 , 68.864 , 68.5351 , 68.321 , 
94 , 68.864 , 68.5351 , 68.321 , 
95 , 68.864 , 68.5351 , 68.321 , 
96 , 68.864 , 68.5351 , 68.321 , 
97 , 68.864 , 68.5351 , 68.321 , 
98 , 68.864 , 68.5351 , 68.321 , 
99 , 68.864 , 68.5351 , 68.321 , 
100 , 68.864 , 68.5351 , 68.321 , 
101 , 68.864 , 68.5351 , 68.321 , 
102 , 68.864 , 68.5351 , 68.321 , 
103 , 68.8641 , 68.5351 , 68.321 , 
104 , 68.8641 , 68.5351 , 68.321 , 
105 , 68.8641 , 68.5352 , 68.321 , 
106 , 68.8641 , 68.5352 , 68.321 , 
107 , 68.8641 , 68.5352 , 68.321 , 
108 , 68.8641 , 68.5352 , 68.321 , 
109 , 68.8641 , 68.5352 , 68.321 , 
110 , 68.8641 , 68.5352 , 68.3211 , 
111 , 68.8641 , 68.5352 , 68.3211 , 
112 , 68.8641 , 68.5352 , 68.3211 , 
113 , 68.8641 , 68.5352 , 68.3211 , 
114 , 68.8641 , 68.5352 , 68.3211 , 
115 , 68.8641 , 68.5352 , 68.3211 , 
116 , 68.8641 , 68.5352 , 68.3211 , 
117 , 68.8641 , 68.5352 , 68.3211 , 
118 , 68.8642 , 68.5352 , 68.3211 , 
119 , 68.8642 , 68.5352 , 68.3211 , 
120 , 68.8642 , 68.5352 , 68.3211 , 
121 , 68.8642 , 68.5352 , 68.3211 , 
122 , 68.8642 , 68.5352 , 68.3211 , 
123 , 68.8642 , 68.5352 , 68.3211 , 
124 , 68.8642 , 68.5352 , 68.3211 , 
125 , 68.8642 , 68.5352 , 68.3211 , 
126 , 68.8642 , 68.5352 , 68.3211 , 
127 , 68.8642 , 68.5352 , 68.3211 , 
128 , 68.8642 , 68.5352 , 68.3211 , 
129 , 68.8642 , 68.5352 , 68.3211 , 
130 , 68.8642 , 68.5353 , 68.3211 , 
131 , 68.8642 , 68.5353 , 68.3211 , 
132 , 68.8642 , 68.5353 , 68.3211 , 
133 , 68.8642 , 68.5353 , 68.3211 , 
134 , 68.8642 , 68.5353 , 68.3211 , 
135 , 68.8642 , 68.5353 , 68.3211 , 
136 , 68.8642 , 68.5353 , 68.3211 , 
137 , 68.8642 , 68.5353 , 68.3212 , 
138 , 68.8643 , 68.5353 , 68.3212 , 
139 , 68.8643 , 68.5353 , 68.3212 , 
140 , 68.8643 , 68.5353 , 68.3212 , 
141 , 68.8643 , 68.5353 , 68.3212 , 
142 , 68.8643 , 68.5353 , 68.3212 , 
143 , 68.8643 , 68.5353 , 68.3212 , 
144 , 68.8643 , 68.5353 , 68.3212 , 
145 , 68.8643 , 68.5353 , 68.3212 , 
146 , 68.8643 , 68.5353 , 68.3212 , 
147 , 68.8643 , 68.5353 , 68.3212 , 
148 , 68.8643 , 68.5353 , 68.3212 , 
149 , 68.8643 , 68.5353 , 68.3212 , 
150 , 68.8643 , 68.5353 , 68.3212 , 
151 , 68.8643 , 68.5353 , 68.3212 , 
152 , 68.8643 , 68.5353 , 68.3212 , 
153 , 68.8643 , 68.5353 , 68.3212 , 
154 , 68.8643 , 68.5353 , 68.3212 , 
155 , 68.8643 , 68.5353 , 68.3212 , 
156 , 68.8643 , 68.5353 , 68.3212 , 
157 , 68.8643 , 68.5353 , 68.3212 , 
158 , 68.8643 , 68.5353 , 68.3212 , 
159 , 68.8643 , 68.5353 , 68.3212 , 
160 , 68.8643 , 68.5353 , 68.3212 , 
161 , 68.8643 , 68.5353 , 68.3212 , 
162 , 68.8643 , 68.5353 , 68.3212 , 
163 , 68.8643 , 68.5353 , 68.3212 , 
164 , 68.8643 , 68.5353 , 68.3212 , 
165 , 68.8643 , 68.5353 , 68.3212 , 
166 , 68.8643 , 68.5353 , 68.3212 , 
167 , 68.8643 , 68.5353 , 68.3212 , 
168 , 68.8644 , 68.5354 , 68.3212 , 
169 , 68.8644 , 68.5354 , 68.3212 , 
170 , 68.8644 , 68.5354 , 68.3212 , 
171 , 68.8644 , 68.5354 , 68.3212 , 
172 , 68.8644 , 68.5354 , 68.3212 , 
173 , 68.8644 , 68.5354 , 68.3212 , 
174 , 68.8644 , 68.5354 , 68.3212 , 
175 , 68.8644 , 68.5354 , 68.3212 , 
176 , 68.8644 , 68.5354 , 68.3212 , 
177 , 68.8644 , 68.5354 , 68.3212 , 
178 , 68.8644 , 68.5354 , 68.3213 , 
179 , 68.8644 , 68.5354 , 68.3213 , 
180 , 68.8644 , 68.5354 , 68.3213 , 
181 , 68.8644 , 68.5354 , 68.3213 , 
182 , 68.8644 , 68.5354 , 68.3213 , 
183 , 68.8644 , 68.5354 , 68.3213 , 
184 , 68.8644 , 68.5354 , 68.3213 , 
185 , 68.8644 , 68.5354 , 68.3213 , 
186 , 68.8644 , 68.5354 , 68.3213 , 
187 , 68.8644 , 68.5354 , 68.3213 , 
188 , 68.8644 , 68.5354 , 68.3213 , 
189 , 68.8644 , 68.5354 , 68.3213 , 
190 , 68.8644 , 68.5354 , 68.3213 , 
191 , 68.8644 , 68.5354 , 68.3213 , 
192 , 68.8644 , 68.5354 , 68.3213 , 
193 , 68.8644 , 68.5354 , 68.3213 , 
194 , 68.8644 , 68.5354 , 68.3213 , 
195 , 68.8644 , 68.5354 , 68.3213 , 
196 , 68.8644 , 68.5354 , 68.3213 , 
197 , 68.8644 , 68.5354 , 68.3213 , 
198 , 68.8644 , 68.5354 , 68.3213 , 
199 , 68.8644 , 68.5354 , 68.3213 , 
