0.376467 , -41.1018
0.752933 , -39.2723
1.1294 , -37.4429
1.50587 , -35.6134
1.88233 , -33.784
2.2588 , -31.9545
2.63527 , -30.1251
3.01173 , -28.2956
3.3882 , -26.4662
3.76467 , -24.6367
4.14113 , -22.8073
4.5176 , -20.9778
4.89407 , -19.1484
5.27053 , -17.3189
5.647 , -15.4895
6.02347 , -13.66
6.39993 , -11.8306
6.7764 , -10.0011
7.15287 , -8.17166
7.52933 , -6.34221
7.9058 , -4.51276
8.28227 , -2.68331
8.65873 , -0.853858
9.0352 , 0.975593
9.41167 , 2.80504
9.78813 , 4.6345
10.1646 , 6.46395
10.5411 , 8.2934
10.9175 , 10.1228
11.294 , 11.9523
11.6705 , 13.7818
12.0469 , 15.6112
12.4234 , 17.4407
12.7999 , 19.2701
13.1763 , 21.0996
13.5528 , 22.929
13.9293 , 24.7585
14.3057 , 26.5879
14.6822 , 28.4174
15.0587 , 30.2468
15.4351 , 32.0763
15.8116 , 33.9057
16.1881 , 35.7352
16.5645 , 37.5646
16.941 , 39.3941
17.3175 , 41.2235
17.6939 , 42.8388
18.0704 , 42.9547
18.4469 , 43.0706
18.8233 , 43.1865
19.1998 , 43.3023
19.5763 , 43.4182
19.9527 , 43.5341
20.3292 , 43.65
20.7057 , 43.7659
21.0821 , 43.8818
21.4586 , 43.9977
21.8351 , 44.1136
22.2115 , 44.2295
22.588 , 44.3454
22.9645 , 44.4613
23.3409 , 44.5772
23.7174 , 44.6931
24.0939 , 44.809
24.4703 , 44.9248
24.8468 , 45.0407
25.2233 , 45.1566
25.5997 , 45.2725
25.9762 , 45.3884
26.3527 , 45.5043
26.7291 , 45.6202
27.1056 , 45.7361
27.4821 , 45.852
27.8585 , 45.9679
28.235 , 46.0838
28.6115 , 46.1997
28.9879 , 46.3156
29.3644 , 46.4315
29.7409 , 46.5474
30.1173 , 46.6632
30.4938 , 46.7791
30.8703 , 46.895
31.2467 , 47.0109
31.6232 , 47.1268
31.9997 , 47.2427
32.3761 , 47.3586
32.7526 , 47.4745
33.1291 , 47.5904
33.5055 , 47.7063
33.882 , 47.8222
34.2585 , 47.9381
34.6349 , 48.054
35.0114 , 48.1699
35.3879 , 48.2682
35.7643 , 48.3138
36.1408 , 48.3595
36.5173 , 48.4051
36.8937 , 48.4508
37.2702 , 48.4964
37.6467 , 48.5421
38.0231 , 48.5877
38.3996 , 48.6334
38.7761 , 48.679
39.1525 , 48.7246
39.529 , 48.7703
39.9055 , 48.8159
40.2819 , 48.8616
40.6584 , 48.9072
41.0349 , 48.9529
41.4113 , 48.9985
41.7878 , 49.0442
42.1643 , 49.0898
42.5407 , 49.1355
42.9172 , 49.1811
43.2937 , 49.2268
43.6701 , 49.2724
44.0466 , 49.318
44.4231 , 49.3637
44.7995 , 49.4093
45.176 , 49.455
45.5525 , 49.5006
45.9289 , 49.5463
46.3054 , 49.5919
46.6819 , 49.6376
47.0583 , 49.6832
47.4348 , 49.7289
47.8113 , 49.7745
48.1877 , 49.8201
48.5642 , 49.8658
48.9407 , 49.9114
49.3171 , 49.9571
49.6936 , 50.0027
50.0701 , 50.0484
50.4465 , 50.094
50.823 , 50.1397
51.1995 , 50.1853
51.5759 , 50.231
51.9524 , 50.2766
52.3289 , 50.3223
52.7053 , 50.3679
53.0818 , 50.5132
53.4583 , 50.8246
53.8347 , 51.136
54.2112 , 51.4474
54.5877 , 51.7589
54.9641 , 52.0703
55.3406 , 52.3817
55.7171 , 52.6931
56.0935 , 53.0045
56.47 , 53.3159
56.8465 , 53.6273
57.2229 , 53.9387
57.5994 , 54.2501
57.9759 , 54.5616
58.3523 , 54.873
58.7288 , 55.1844
59.1053 , 55.4958
59.4817 , 55.8072
59.8582 , 56.1186
60.2347 , 56.43
60.6111 , 56.7414
60.9876 , 57.0529
61.3641 , 57.3643
61.7405 , 57.6757
62.117 , 57.9871
62.4935 , 58.2985
62.8699 , 58.6099
63.2464 , 58.9213
63.6229 , 59.2327
63.9993 , 59.5441
64.3758 , 59.8556
64.7523 , 60.167
65.1287 , 60.4784
65.5052 , 60.7898
65.8817 , 61.1012
66.2581 , 61.4126
66.6346 , 61.724
67.0111 , 62.0354
67.3875 , 62.3469
67.764 , 62.6583
68.1405 , 62.9697
68.5169 , 63.2811
68.8934 , 63.5925
69.2699 , 63.9039
69.6463 , 64.2153
70.0228 , 64.5267
70.3993 , 64.8382
70.7757 , 65.1796
71.1522 , 65.5512
71.5287 , 65.9227
71.9051 , 66.2942
72.2816 , 66.6658
72.6581 , 67.0373
73.0345 , 67.4088
73.411 , 67.7804
73.7875 , 68.1519
74.1639 , 68.5234
74.5404 , 68.895
74.9169 , 69.2665
75.2933 , 69.638
75.6698 , 70.0096
76.0463 , 70.3811
76.4227 , 70.7526
76.7992 , 71.1241
77.1757 , 71.4957
77.5521 , 71.8672
77.9286 , 72.2387
78.3051 , 72.6103
78.6815 , 72.9818
79.058 , 73.3533
79.4345 , 73.7249
79.8109 , 74.0964
80.1874 , 74.4679
80.5639 , 74.8395
80.9403 , 75.211
81.3168 , 75.5825
81.6933 , 75.9541
82.0697 , 76.3256
82.4462 , 76.6971
82.8227 , 77.0687
83.1991 , 77.4402
83.5756 , 77.8117
83.9521 , 78.1833
84.3285 , 78.5548
84.705 , 78.9263
85.0815 , 79.2979
85.4579 , 79.6694
85.8344 , 80.0409
86.2109 , 80.4125
86.5873 , 80.784
86.9638 , 81.1555
87.3403 , 81.5271
87.7167 , 81.8986
88.0932 , 82.2701
88.4697 , 82.6422
88.8461 , 83.0146
89.2226 , 83.387
89.5991 , 83.7594
89.9755 , 84.1318
90.352 , 84.5042
90.7285 , 84.8766
91.1049 , 85.249
91.4814 , 85.6214
91.8579 , 85.9938
92.2343 , 86.3662
92.6108 , 86.7386
92.9873 , 87.111
93.3637 , 87.4834
93.7402 , 87.8558
94.1167 , 88.2282
94.4931 , 88.6006
94.8696 , 88.973
95.2461 , 89.3454
95.6225 , 89.7178
95.999 , 90.0902
96.3755 , 90.4626
96.7519 , 90.835
97.1284 , 91.2074
97.5049 , 91.5798
97.8813 , 91.9522
98.2578 , 92.3246
98.6343 , 92.697
99.0107 , 93.0694
99.3872 , 93.4418
99.7637 , 93.8142
100.14 , 94.1866
100.517 , 94.559
100.893 , 94.9314
101.27 , 95.3038
101.646 , 95.6762
102.022 , 96.0486
102.399 , 96.421
102.775 , 96.7934
103.152 , 97.1658
103.528 , 97.5382
103.905 , 97.9106
104.281 , 98.283
104.658 , 98.6554
105.034 , 99.0278
105.411 , 99.4002
105.787 , 99.7726
106.164 , 100.145
106.54 , 100.518
106.917 , 100.891
107.293 , 101.264
107.669 , 101.637
108.046 , 102.01
108.422 , 102.383
108.799 , 102.756
109.175 , 103.129
109.552 , 103.502
109.928 , 103.875
110.305 , 104.248
110.681 , 104.621
111.058 , 104.994
111.434 , 105.367
111.811 , 105.74
112.187 , 106.113
112.564 , 106.486
